8 24 8
0.0553557 0.462278 0.22704 1.29109 0.294587 0.465017 0.337044 1.55847 
1.07922 -0.185559 -0.648252 0.269355 0.807762 1.32159 0.612339 -0.981969 
-0.0377519 -1.15192 0.34864 -0.0580462 -1.70519 1.06712 0.695848 0.951354 
-0.100359 1.44585 -0.471102 0.388156 -0.5549 -0.120929 -0.464732 -1.63213 
1.1463 1.09746 -0.301075 0.224772 -0.659832 0.178569 0.10817 -0.218392 
0.849009 0.971569 -0.368824 -0.24131 -0.650041 0.754777 0.317687 0.0718965 
-0.715434 0.519337 0.272148 0.32234 -0.684081 0.442091 0.084801 0.760293 
-1.13749 -0.590044 0.45436 0.504492 -1.19455 0.475978 -1.20256 0.243925 
-0.0907061 0.784599 0.887411 0.569298 0.471983 -0.574137 -0.380209 0.328986 
-1.00629 -1.11747 -0.212194 -0.212814 -0.694762 0.604416 -0.982481 -0.305505 
1.16449 -0.92556 -0.212191 0.764566 -0.567252 0.720949 0.697653 0.0528999 
-0.449288 0.500371 0.483814 0.56973 0.129855 1.88517 0.749728 0.844386 
1.09388 -0.668393 -0.149086 -1.22078 -0.77073 1.44028 0.0827958 -1.04786 
-0.949441 -0.292759 -0.216601 -0.497774 0.71303 1.47589 1.2781 0.622523 
0.575206 0.567705 -0.460334 0.26597 0.352726 -0.795703 0.751094 0.0894387 
0.605374 0.0665791 -0.271362 -0.814146 -0.92647 -0.417748 0.735975 -0.0685278 
-0.509331 1.30552 0.343132 -0.706873 -1.22126 0.303369 0.66755 -0.123981 
-0.044429 0.406466 -1.36244 0.00153055 -0.130625 -1.24443 -0.927894 -1.04098 
-0.899234 -0.189043 -0.435237 -0.650933 0.694082 -2.27235 1.04444 -0.672494 
0.434811 -1.06647 0.347501 -0.830301 0.866205 -0.150102 -0.64642 -0.689111 
-0.455109 -1.21586 -0.229253 -1.12595 -1.2636 -0.522848 0.797392 -0.315454 
1.03004 -0.125119 -0.71804 -0.426083 -0.465773 -1.22842 -0.522305 -1.1077 
-0.532514 -0.0257176 1.34038 0.64916 1.06832 -0.625145 -0.173319 -0.683941 
0.909132 -1.54268 0.72622 1.18128 -0.112647 0.0250418 -0.2683 0.428684 

1.3501 
0.515197 
0.627819 
0.134938 
1.14496 
0.35749 
0.654497 
-0.467287 
0.11206 
0.767522 
0.160284 
-0.667868 
-0.64555 
0.832039 
-0.6079 
-0.212764 
1.03821 
0.334136 
0.109734 
-0.191365 
-0.814222 
0.670305 
-0.329682 
0.896809 
0.158 0.087671 -0.0176505 0.220851 0.0510946 -0.930243 -0.349404 -0.472438 0.796448 -0.487234 0.599415 -0.355931 0.21514 1.12608 0.0776338 0.719201 0.781085 -0.688485 0.891087 -0.33866 0.405131 0.331126 1.76049 0.91131 
-1.7673 0.611651 0.45383 -0.983678 -0.637385 0.0634377 0.642443 1.18248 0.424185 -0.0410668 -1.78907 -1.41607 -0.789234 -1.13911 0.0929583 -0.764267 -0.851843 -0.285835 -0.340472 0.232831 0.136097 -0.386255 -0.373021 -0.0692136 
0.795829 0.251553 -0.808504 -0.481098 -0.0397861 -0.296041 -0.434066 -0.215369 0.211792 -1.13462 0.824147 -0.487154 -1.09414 -0.328065 -0.657431 0.0141188 0.759086 -0.111361 -0.302906 -1.12019 -1.11997 -0.187505 0.140112 -0.441632 
-0.855092 -0.503007 -0.91163 0.881959 -1.05767 -0.633342 0.341844 0.977502 -0.80097 -0.851944 0.676369 -0.122975 0.890557 1.13523 0.0945105 -0.470524 0.3166 0.89832 0.381639 0.55712 -0.240812 0.382064 -0.90948 -0.59838 
0.137043 -0.305441 0.0488973 -0.118588 -0.0806765 -0.706376 0.231432 -0.132834 0.105858 -0.0136853 0.948676 0.201779 -0.133891 -0.329416 0.777924 -0.680728 -0.307868 0.121767 0.624498 0.926248 0.0295005 -0.223666 0.320662 -0.0142434 
0.39338 0.920551 0.80024 0.478672 0.195711 -0.285914 0.913108 -0.727827 1.15471 -0.653237 0.522729 -0.567785 -0.968718 1.54061 -0.603554 -0.191209 -0.225989 0.326678 0.338647 -0.938399 0.18446 -0.41322 -0.450268 0.0733828 
-0.0842627 0.383594 -0.431123 -0.673719 0.436015 -0.0319796 -0.563941 -0.222149 -1.07843 -0.936323 -0.734078 0.314651 0.0749996 0.65571 -0.270057 0.763982 -0.756885 0.466735 0.381079 -0.782622 0.0236325 0.0801265 -0.458378 0.665867 
0.611466 0.525292 -1.14962 -0.568448 0.196176 -0.791293 -0.346698 -0.776112 0.613538 0.78595 0.662839 1.16386 0.751285 0.364411 0.258336 0.0309118 0.0309718 0.878773 -0.607654 0.269072 -0.453527 -0.311448 -0.598409 0.86752 
0.247589 
-0.808727 
0.395696 
0.897474 
-0.299921 
2.05355 
-0.507797 
-0.55835 
